name "せんれんばんか"
origins 1
origin
1 1 cdn.jsdelivr.net/gh/lmcdn/sen_ren_ban_ka_files/
file_number 404
files
1 senrenbanka.z01 1 20971520
2 senrenbanka.z02 1 20971520
3 senrenbanka.z03 1 20971520
4 senrenbanka.z04 1 20971520
5 senrenbanka.z05 1 20971520
6 senrenbanka.z06 1 20971520
7 senrenbanka.z07 1 20971520
8 senrenbanka.z08 1 20971520
9 senrenbanka.z09 1 20971520
10 senrenbanka.z10 1 20971520
11 senrenbanka.z11 1 20971520
12 senrenbanka.z12 1 20971520
13 senrenbanka.z13 1 20971520
14 senrenbanka.z14 1 20971520
15 senrenbanka.z15 1 20971520
16 senrenbanka.z16 1 20971520
17 senrenbanka.z17 1 20971520
18 senrenbanka.z18 1 20971520
19 senrenbanka.z19 1 20971520
20 senrenbanka.z20 1 20971520
21 senrenbanka.z21 1 20971520
22 senrenbanka.z22 1 20971520
23 senrenbanka.z23 1 20971520
24 senrenbanka.z24 1 20971520
25 senrenbanka.z25 1 20971520
26 senrenbanka.z26 1 20971520
27 senrenbanka.z27 1 20971520
28 senrenbanka.z28 1 20971520
29 senrenbanka.z29 1 20971520
30 senrenbanka.z30 1 20971520
31 senrenbanka.z31 1 20971520
32 senrenbanka.z32 1 20971520
33 senrenbanka.z33 1 20971520
34 senrenbanka.z34 1 20971520
35 senrenbanka.z35 1 20971520
36 senrenbanka.z36 1 20971520
37 senrenbanka.z37 1 20971520
38 senrenbanka.z38 1 20971520
39 senrenbanka.z39 1 20971520
40 senrenbanka.z40 1 20971520
41 senrenbanka.z41 1 20971520
42 senrenbanka.z42 1 20971520
43 senrenbanka.z43 1 20971520
44 senrenbanka.z44 1 20971520
45 senrenbanka.z45 1 20971520
46 senrenbanka.z46 1 20971520
47 senrenbanka.z47 1 20971520
48 senrenbanka.z48 1 20971520
49 senrenbanka.z49 1 20971520
50 senrenbanka.z50 1 20971520
51 senrenbanka.z51 1 20971520
52 senrenbanka.z52 1 20971520
53 senrenbanka.z53 1 20971520
54 senrenbanka.z54 1 20971520
55 senrenbanka.z55 1 20971520
56 senrenbanka.z56 1 20971520
57 senrenbanka.z57 1 20971520
58 senrenbanka.z58 1 20971520
59 senrenbanka.z59 1 20971520
60 senrenbanka.z60 1 20971520
61 senrenbanka.z61 1 20971520
62 senrenbanka.z62 1 20971520
63 senrenbanka.z63 1 20971520
64 senrenbanka.z64 1 20971520
65 senrenbanka.z65 1 20971520
66 senrenbanka.z66 1 20971520
67 senrenbanka.z67 1 20971520
68 senrenbanka.z68 1 20971520
69 senrenbanka.z69 1 20971520
70 senrenbanka.z70 1 20971520
71 senrenbanka.z71 1 20971520
72 senrenbanka.z72 1 20971520
73 senrenbanka.z73 1 20971520
74 senrenbanka.z74 1 20971520
75 senrenbanka.z75 1 20971520
76 senrenbanka.z76 1 20971520
77 senrenbanka.z77 1 20971520
78 senrenbanka.z78 1 20971520
79 senrenbanka.z79 1 20971520
80 senrenbanka.z80 1 20971520
81 senrenbanka.z81 1 20971520
82 senrenbanka.z82 1 20971520
83 senrenbanka.z83 1 20971520
84 senrenbanka.z84 1 20971520
85 senrenbanka.z85 1 20971520
86 senrenbanka.z86 1 20971520
87 senrenbanka.z87 1 20971520
88 senrenbanka.z88 1 20971520
89 senrenbanka.z89 1 20971520
90 senrenbanka.z90 1 20971520
91 senrenbanka.z91 1 20971520
92 senrenbanka.z92 1 20971520
93 senrenbanka.z93 1 20971520
94 senrenbanka.z94 1 20971520
95 senrenbanka.z95 1 20971520
96 senrenbanka.z96 1 20971520
97 senrenbanka.z97 1 20971520
98 senrenbanka.z98 1 20971520
99 senrenbanka.z99 1 20971520
100 senrenbanka.z100 1 20971520
101 senrenbanka.z101 1 20971520
102 senrenbanka.z102 1 20971520
103 senrenbanka.z103 1 20971520
104 senrenbanka.z104 1 20971520
105 senrenbanka.z105 1 20971520
106 senrenbanka.z106 1 20971520
107 senrenbanka.z107 1 20971520
108 senrenbanka.z108 1 20971520
109 senrenbanka.z109 1 20971520
110 senrenbanka.z110 1 20971520
111 senrenbanka.z111 1 20971520
112 senrenbanka.z112 1 20971520
113 senrenbanka.z113 1 20971520
114 senrenbanka.z114 1 20971520
115 senrenbanka.z115 1 20971520
116 senrenbanka.z116 1 20971520
117 senrenbanka.z117 1 20971520
118 senrenbanka.z118 1 20971520
119 senrenbanka.z119 1 20971520
120 senrenbanka.z120 1 20971520
121 senrenbanka.z121 1 20971520
122 senrenbanka.z122 1 20971520
123 senrenbanka.z123 1 20971520
124 senrenbanka.z124 1 20971520
125 senrenbanka.z125 1 20971520
126 senrenbanka.z126 1 20971520
127 senrenbanka.z127 1 20971520
128 senrenbanka.z128 1 20971520
129 senrenbanka.z129 1 20971520
130 senrenbanka.z130 1 20971520
131 senrenbanka.z131 1 20971520
132 senrenbanka.z132 1 20971520
133 senrenbanka.z133 1 20971520
134 senrenbanka.z134 1 20971520
135 senrenbanka.z135 1 20971520
136 senrenbanka.z136 1 20971520
137 senrenbanka.z137 1 20971520
138 senrenbanka.z138 1 20971520
139 senrenbanka.z139 1 20971520
140 senrenbanka.z140 1 20971520
141 senrenbanka.z141 1 20971520
142 senrenbanka.z142 1 20971520
143 senrenbanka.z143 1 20971520
144 senrenbanka.z144 1 20971520
145 senrenbanka.z145 1 20971520
146 senrenbanka.z146 1 20971520
147 senrenbanka.z147 1 20971520
148 senrenbanka.z148 1 20971520
149 senrenbanka.z149 1 20971520
150 senrenbanka.z150 1 20971520
151 senrenbanka.z151 1 20971520
152 senrenbanka.z152 1 20971520
153 senrenbanka.z153 1 20971520
154 senrenbanka.z154 1 20971520
155 senrenbanka.z155 1 20971520
156 senrenbanka.z156 1 20971520
157 senrenbanka.z157 1 20971520
158 senrenbanka.z158 1 20971520
159 senrenbanka.z159 1 20971520
160 senrenbanka.z160 1 20971520
161 senrenbanka.z161 1 20971520
162 senrenbanka.z162 1 20971520
163 senrenbanka.z163 1 20971520
164 senrenbanka.z164 1 20971520
165 senrenbanka.z165 1 20971520
166 senrenbanka.z166 1 20971520
167 senrenbanka.z167 1 20971520
168 senrenbanka.z168 1 20971520
169 senrenbanka.z169 1 20971520
170 senrenbanka.z170 1 20971520
171 senrenbanka.z171 1 20971520
172 senrenbanka.z172 1 20971520
173 senrenbanka.z173 1 20971520
174 senrenbanka.z174 1 20971520
175 senrenbanka.z175 1 20971520
176 senrenbanka.z176 1 20971520
177 senrenbanka.z177 1 20971520
178 senrenbanka.z178 1 20971520
179 senrenbanka.z179 1 20971520
180 senrenbanka.z180 1 20971520
181 senrenbanka.z181 1 20971520
182 senrenbanka.z182 1 20971520
183 senrenbanka.z183 1 20971520
184 senrenbanka.z184 1 20971520
185 senrenbanka.z185 1 20971520
186 senrenbanka.z186 1 20971520
187 senrenbanka.z187 1 20971520
188 senrenbanka.z188 1 20971520
189 senrenbanka.z189 1 20971520
190 senrenbanka.z190 1 20971520
191 senrenbanka.z191 1 20971520
192 senrenbanka.z192 1 20971520
193 senrenbanka.z193 1 20971520
194 senrenbanka.z194 1 20971520
195 senrenbanka.z195 1 20971520
196 senrenbanka.z196 1 20971520
197 senrenbanka.z197 1 20971520
198 senrenbanka.z198 1 20971520
199 senrenbanka.z199 1 20971520
200 senrenbanka.z200 1 20971520
201 senrenbanka.z201 1 20971520
202 senrenbanka.z202 1 20971520
203 senrenbanka.z203 1 20971520
204 senrenbanka.z204 1 20971520
205 senrenbanka.z205 1 20971520
206 senrenbanka.z206 1 20971520
207 senrenbanka.z207 1 20971520
208 senrenbanka.z208 1 20971520
209 senrenbanka.z209 1 20971520
210 senrenbanka.z210 1 20971520
211 senrenbanka.z211 1 20971520
212 senrenbanka.z212 1 20971520
213 senrenbanka.z213 1 20971520
214 senrenbanka.z214 1 20971520
215 senrenbanka.z215 1 20971520
216 senrenbanka.z216 1 20971520
217 senrenbanka.z217 1 20971520
218 senrenbanka.z218 1 20971520
219 senrenbanka.z219 1 20971520
220 senrenbanka.z220 1 20971520
221 senrenbanka.z221 1 20971520
222 senrenbanka.z222 1 20971520
223 senrenbanka.z223 1 20971520
224 senrenbanka.z224 1 20971520
225 senrenbanka.z225 1 20971520
226 senrenbanka.z226 1 20971520
227 senrenbanka.z227 1 20971520
228 senrenbanka.z228 1 20971520
229 senrenbanka.z229 1 20971520
230 senrenbanka.z230 1 20971520
231 senrenbanka.z231 1 20971520
232 senrenbanka.z232 1 20971520
233 senrenbanka.z233 1 20971520
234 senrenbanka.z234 1 20971520
235 senrenbanka.z235 1 20971520
236 senrenbanka.z236 1 20971520
237 senrenbanka.z237 1 20971520
238 senrenbanka.z238 1 20971520
239 senrenbanka.z239 1 20971520
240 senrenbanka.z240 1 20971520
241 senrenbanka.z241 1 20971520
242 senrenbanka.z242 1 20971520
243 senrenbanka.z243 1 20971520
244 senrenbanka.z244 1 20971520
245 senrenbanka.z245 1 20971520
246 senrenbanka.z246 1 20971520
247 senrenbanka.z247 1 20971520
248 senrenbanka.z248 1 20971520
249 senrenbanka.z249 1 20971520
250 senrenbanka.z250 1 20971520
251 senrenbanka.z251 1 20971520
252 senrenbanka.z252 1 20971520
253 senrenbanka.z253 1 20971520
254 senrenbanka.z254 1 20971520
255 senrenbanka.z255 1 20971520
256 senrenbanka.z256 1 20971520
257 senrenbanka.z257 1 20971520
258 senrenbanka.z258 1 20971520
259 senrenbanka.z259 1 20971520
260 senrenbanka.z260 1 20971520
261 senrenbanka.z261 1 20971520
262 senrenbanka.z262 1 20971520
263 senrenbanka.z263 1 20971520
264 senrenbanka.z264 1 20971520
265 senrenbanka.z265 1 20971520
266 senrenbanka.z266 1 20971520
267 senrenbanka.z267 1 20971520
268 senrenbanka.z268 1 20971520
269 senrenbanka.z269 1 20971520
270 senrenbanka.z270 1 20971520
271 senrenbanka.z271 1 20971520
272 senrenbanka.z272 1 20971520
273 senrenbanka.z273 1 20971520
274 senrenbanka.z274 1 20971520
275 senrenbanka.z275 1 20971520
276 senrenbanka.z276 1 20971520
277 senrenbanka.z277 1 20971520
278 senrenbanka.z278 1 20971520
279 senrenbanka.z279 1 20971520
280 senrenbanka.z280 1 20971520
281 senrenbanka.z281 1 20971520
282 senrenbanka.z282 1 20971520
283 senrenbanka.z283 1 20971520
284 senrenbanka.z284 1 20971520
285 senrenbanka.z285 1 20971520
286 senrenbanka.z286 1 20971520
287 senrenbanka.z287 1 20971520
288 senrenbanka.z288 1 20971520
289 senrenbanka.z289 1 20971520
290 senrenbanka.z290 1 20971520
291 senrenbanka.z291 1 20971520
292 senrenbanka.z292 1 20971520
293 senrenbanka.z293 1 20971520
294 senrenbanka.z294 1 20971520
295 senrenbanka.z295 1 20971520
296 senrenbanka.z296 1 20971520
297 senrenbanka.z297 1 20971520
298 senrenbanka.z298 1 20971520
299 senrenbanka.z299 1 20971520
300 senrenbanka.z300 1 20971520
301 senrenbanka.z301 1 20971520
302 senrenbanka.z302 1 20971520
303 senrenbanka.z303 1 20971520
304 senrenbanka.z304 1 20971520
305 senrenbanka.z305 1 20971520
306 senrenbanka.z306 1 20971520
307 senrenbanka.z307 1 20971520
308 senrenbanka.z308 1 20971520
309 senrenbanka.z309 1 20971520
310 senrenbanka.z310 1 20971520
311 senrenbanka.z311 1 20971520
312 senrenbanka.z312 1 20971520
313 senrenbanka.z313 1 20971520
314 senrenbanka.z314 1 20971520
315 senrenbanka.z315 1 20971520
316 senrenbanka.z316 1 20971520
317 senrenbanka.z317 1 20971520
318 senrenbanka.z318 1 20971520
319 senrenbanka.z319 1 20971520
320 senrenbanka.z320 1 20971520
321 senrenbanka.z321 1 20971520
322 senrenbanka.z322 1 20971520
323 senrenbanka.z323 1 20971520
324 senrenbanka.z324 1 20971520
325 senrenbanka.z325 1 20971520
326 senrenbanka.z326 1 20971520
327 senrenbanka.z327 1 20971520
328 senrenbanka.z328 1 20971520
329 senrenbanka.z329 1 20971520
330 senrenbanka.z330 1 20971520
331 senrenbanka.z331 1 20971520
332 senrenbanka.z332 1 20971520
333 senrenbanka.z333 1 20971520
334 senrenbanka.z334 1 20971520
335 senrenbanka.z335 1 20971520
336 senrenbanka.z336 1 20971520
337 senrenbanka.z337 1 20971520
338 senrenbanka.z338 1 20971520
339 senrenbanka.z339 1 20971520
340 senrenbanka.z340 1 20971520
341 senrenbanka.z341 1 20971520
342 senrenbanka.z342 1 20971520
343 senrenbanka.z343 1 20971520
344 senrenbanka.z344 1 20971520
345 senrenbanka.z345 1 20971520
346 senrenbanka.z346 1 20971520
347 senrenbanka.z347 1 20971520
348 senrenbanka.z348 1 20971520
349 senrenbanka.z349 1 20971520
350 senrenbanka.z350 1 20971520
351 senrenbanka.z351 1 20971520
352 senrenbanka.z352 1 20971520
353 senrenbanka.z353 1 20971520
354 senrenbanka.z354 1 20971520
355 senrenbanka.z355 1 20971520
356 senrenbanka.z356 1 20971520
357 senrenbanka.z357 1 20971520
358 senrenbanka.z358 1 20971520
359 senrenbanka.z359 1 20971520
360 senrenbanka.z360 1 20971520
361 senrenbanka.z361 1 20971520
362 senrenbanka.z362 1 20971520
363 senrenbanka.z363 1 20971520
364 senrenbanka.z364 1 20971520
365 senrenbanka.z365 1 20971520
366 senrenbanka.z366 1 20971520
367 senrenbanka.z367 1 20971520
368 senrenbanka.z368 1 20971520
369 senrenbanka.z369 1 20971520
370 senrenbanka.z370 1 20971520
371 senrenbanka.z371 1 20971520
372 senrenbanka.z372 1 20971520
373 senrenbanka.z373 1 20971520
374 senrenbanka.z374 1 20971520
375 senrenbanka.z375 1 20971520
376 senrenbanka.z376 1 20971520
377 senrenbanka.z377 1 20971520
378 senrenbanka.z378 1 20971520
379 senrenbanka.z379 1 20971520
380 senrenbanka.z380 1 20971520
381 senrenbanka.z381 1 20971520
382 senrenbanka.z382 1 20971520
383 senrenbanka.z383 1 20971520
384 senrenbanka.z384 1 20971520
385 senrenbanka.z385 1 20971520
386 senrenbanka.z386 1 20971520
387 senrenbanka.z387 1 20971520
388 senrenbanka.z388 1 20971520
389 senrenbanka.z389 1 20971520
390 senrenbanka.z390 1 20971520
391 senrenbanka.z391 1 20971520
392 senrenbanka.z392 1 20971520
393 senrenbanka.z393 1 20971520
394 senrenbanka.z394 1 20971520
395 senrenbanka.z395 1 20971520
396 senrenbanka.z396 1 20971520
397 senrenbanka.z397 1 20971520
398 senrenbanka.z398 1 20971520
399 senrenbanka.z399 1 20971520
400 senrenbanka.z400 1 20971520
401 senrenbanka.z401 1 20971520
402 senrenbanka.z402 1 20971520
403 senrenbanka.z403 1 20971520
404 senrenbanka.zip 1 536323
after
"echo 泣似senrenbanka.zip序佩盾儿"
end
